name: waldlabor
channels:
  - conda-forge
  - defaults
dependencies:
  - asttokens=2.4.1=pyhd8ed1ab_0
  - attrs=24.2.0=pyh71513ae_1
  - brotli-python=1.0.9=py312hd77b12b_8
  - bzip2=1.0.8=h2bbff1b_6
  - ca-certificates=2024.8.30=h56e8100_0
  - certifi=2024.8.30=pyhd8ed1ab_0
  - cffi=1.17.1=py312h827c3e9_0
  - colorama=0.4.6=py312haa95532_0
  - comm=0.2.2=pyhd8ed1ab_0
  - debugpy=1.6.7=py312hd77b12b_0
  - decorator=5.1.1=pyhd8ed1ab_0
  - exceptiongroup=1.2.2=pyhd8ed1ab_0
  - executing=2.0.1=pyhd8ed1ab_0
  - expat=2.6.2=hd77b12b_0
  - h11=0.14.0=pyhd8ed1ab_1
  - h2=4.1.0=pyhd8ed1ab_1
  - hpack=4.0.0=pyhd8ed1ab_1
  - hyperframe=6.0.1=pyhd8ed1ab_1
  - idna=3.10=pyhd8ed1ab_1
  - importlib-metadata=8.1.0=pyha770c72_0
  - importlib_metadata=8.1.0=hd8ed1ab_0
  - iniconfig=1.1.1=pyhd3eb1b0_0
  - ipykernel=6.29.5=pyh4bbf305_0
  - ipython=8.26.0=pyh7428d3b_0
  - jedi=0.19.1=pyhd8ed1ab_0
  - jupyter_client=8.6.2=pyhd8ed1ab_0
  - jupyter_core=5.7.2=py312haa95532_0
  - krb5=1.21.3=hdf4eb48_0
  - libffi=3.4.4=hd77b12b_1
  - libsodium=1.0.18=h8d14728_1
  - lz4-c=1.9.4=hcfcfb64_0
  - matplotlib-inline=0.1.7=pyhd8ed1ab_0
  - nest-asyncio=1.6.0=pyhd8ed1ab_0
  - openssl=3.4.0=h2466b09_0
  - outcome=1.3.0.post0=pyhd8ed1ab_1
  - packaging=24.1=py312haa95532_0
  - parso=0.8.4=pyhd8ed1ab_0
  - pickleshare=0.7.5=py_1003
  - pip=24.0=py312haa95532_0
  - platformdirs=4.2.2=pyhd8ed1ab_0
  - pluggy=1.0.0=py312haa95532_1
  - prompt-toolkit=3.0.47=pyha770c72_0
  - psutil=5.9.0=py312h2bbff1b_0
  - pure_eval=0.2.3=pyhd8ed1ab_0
  - pycparser=2.22=pyh29332c3_1
  - pygments=2.18.0=pyhd8ed1ab_0
  - pysocks=1.7.1=pyh09c184e_7
  - pytest=7.4.4=py312haa95532_0
  - python=3.12.4=h14ffc60_1
  - python-dateutil=2.9.0=pyhd8ed1ab_0
  - pywin32=305=py312h2bbff1b_0
  - pyzmq=25.1.2=py312hd77b12b_0
  - selenium=4.27.1=pyhd8ed1ab_0
  - selenium-manager=4.27.0=ha073cba_0
  - setuptools=69.5.1=py312haa95532_0
  - six=1.16.0=pyh6c4a22f_0
  - sniffio=1.3.1=pyhd8ed1ab_1
  - sortedcontainers=2.4.0=pyhd8ed1ab_0
  - sqlite=3.45.3=h2bbff1b_0
  - stack_data=0.6.2=pyhd8ed1ab_0
  - tk=8.6.14=h0416ee5_0
  - tornado=6.4.1=py312h827c3e9_0
  - traitlets=5.14.3=pyhd8ed1ab_0
  - trio=0.26.2=py312haa95532_0
  - trio-websocket=0.11.1=pyhd8ed1ab_0
  - typing_extensions=4.12.2=pyha770c72_0
  - tzdata=2024a=h04d1e81_0
  - ucrt=10.0.22621.0=h57928b3_0
  - urllib3=2.2.3=pyhd8ed1ab_1
  - vc=14.2=h2eaa2aa_4
  - vc14_runtime=14.40.33810=ha82c5b3_20
  - vs2015_runtime=14.40.33810=h3bf8584_20
  - wcwidth=0.2.13=pyhd8ed1ab_0
  - websocket-client=1.8.0=pyhd8ed1ab_1
  - wheel=0.43.0=py312haa95532_0
  - win_inet_pton=1.1.0=pyh7428d3b_8
  - wsproto=1.2.0=pyhd8ed1ab_1
  - xz=5.4.6=h8cc25b3_1
  - zeromq=4.3.5=he1f189c_4
  - zipp=3.19.2=pyhd8ed1ab_0
  - zlib=1.2.13=h8cc25b3_1
  - zstandard=0.23.0=py312h4fc1ca9_1
  - zstd=1.5.6=h8880b57_0
  - pip:
      - blinker==1.8.2
      - click==8.1.7
      - cramjam==2.9.1
      - distlib==0.3.9
      - ephem==4.1.6
      - et-xmlfile==1.1.0
      - fastparquet==2024.11.0
      - filelock==3.16.1
      - flask==3.0.3
      - fsspec==2024.12.0
      - itsdangerous==2.2.0
      - jinja2==3.1.4
      - joblib==1.4.2
      - markupsafe==2.1.5
      - openpyxl==3.1.5
      - pipenv==2024.4.0
      - pyarrow==19.0.0
      - pytest-flask==1.3.0
      - scikit-learn==1.6.1
      - threadpoolctl==3.5.0
      - virtualenv==20.28.1
      - werkzeug==3.0.3
      - xlrd==2.0.1
prefix: C:\Users\mot99\miniconda3\envs\waldlabor
